20706
39493
28883
12133
123985
102678
10504
114674
114827
88051
51084
6022
23903
33220
84237
56683
8466
134801
94725
144993
22724
47572
130848
14299
117454
81824
1393
20768
128004
74775
112539
104774
80494
55315
114451
49399
25144
33658
2923
146855
16764
146228
43852
107908
7888
108604
123228
99901
58915
75935
112877
132944
21651
116755
70255
83196
30677
88183
110196
11245
70810
41712
22596
95980
74543
73240
88341
21514
110279
127865
105702
40792
111254
2301
123349
120016
26778
122831
138188
35080
118006
102514
17278
94131
137820
51781
112777
79552
87990
68451
20329
25452
144203
115307
3411
143098
106831
119645
28361
74288
92568
111977
115408
43401
72504
91316
59493
92481
103744
67365
52734
126126
121377
46036
95473
109299
31700
39201
144159
35701
135773
67865
7387
27084
71732
116222
142105
63967
93547
37150
87239
100637
87572
1383
109016
25104
114992
42067
84510
136074
10656
94458
24464
86459
14539
114436
116206
77403
28197
110523
110167
104696
15243
122223
21994
88636
54259
97916
2259
8398
138155
89280
140067
6858
4508
127290
33360
109682
14024
87394
103648
43280
13608
6557
6965
25435
105138
100899
52417
104259
91081
104729
81392
34526
69020
15878
46011
77332
68230
27132
126505
14139
127402
101680
12607
65221
60959
47487
142191
3988
69286
133833
1884
127631
128553
87330
31146
40732
46084
143009
63147
124517
121517
99745
105900
38766
78494
32972
30791
96690
74412
2850
31047
112636
100262
91024
136693
55021
25839
43658
5836
57431
65685
89562
54577
6409
145667
32071
19896
145565
147251
37175
88016
1940
5426
4737
95546
17502
138520
137459
77144
65814
113432
93811
123878
129239
94444
91595
10107
8290
40786
38937
108067
128895
75402
82569
128571
96367
3076
144145
82395
21978
60644
5514
98188
139156
25640
9104
86127
100178
101209
34197
11097
105340
120905
109660
12864
51416
145662
43013
13099
45208
79895
50232
170
114832
135934
135295
45065
50484
121862
52249
73674
12769
18704
74664
32340
66388
139566
139023
3996
105087
100345
91732
110020
100296
145740
113728
73541
22474
45737
11189
144362
45981
111399
37279
44954
143948
26644
13870
129897
65692
20628
91516
33433
37198
5281
121393
77393
20287
55548
57998
89297
20879
79831
41824
97535
19504
115466
53373
88637
2083
93757
100294
140395
88225
98059
81271
142262
93309
64223
106806
100195
29700
81145
118098
25771
63660
16930
140529
33774
74465
87789
87654
113847
28047
38563
68025
47444
72921
55213
126907
97653
5839
26698
98147
7071
42220
93310
24443
117601
22153
85195
130900
60400
146645
18771
23583
40475
34912
78659
31681
111962
77200
75289
38988
142846
90222
107642
52915
101470
119929
144304
29172
22421
113551
24176
115536
133387
4929
14913
55613
45863
23631
143808
106372
131176
42656
147602
66663
136333
6211
126454
14814
13521
87739
53708
29806
84001
118958
142832
6295
137840
33406
48399
39278
69809
137106
124585
120478
87988
1765
37419
44672
114163
29510
85014
16154
32630
134587
24569
77196
130547
121533
117698
29211
141260
3461
95273
25996
120118
47315
21717
125498
116438
19511
18690
45219
89608
95421
136436
92797
111594
123789
135197
131159
20026
21783
7559
81585
37491
19065
5673
28980
134882
115788
141003
88498
65629
26387
132523
88661
127798
93715
44319
94303
82869
87569
121573
108351
651
51179
13642
124788
77689
10372
137817
55585
64971
31059
55782
45232
79540
36439
137148
24306
35868
135479
27567
59979
114259
117871
127058
115872
135886
29249
8050
88411
101151
71483
93266
140428
50250
41663
818
25775
118152
52457
105835
128037
107833
18008
49463
111442
91108
126893
18101
84812
99441
18299
130871
52196
130307
7504
9939
59609
20016
134334
84937
81405
48631
97516
84436
81882
120986
113026
122447
114839
97032
80226
192
33062
99680
5546
28579
99173
74570
79871
97537
69707
635
83365
20717
48517
60580
147774
25777
133920
98585
9210
51143
62755
8011
83841
17382
32073
145027
38829
89579
137403
131253
86202
102034
21408
64584
103280
61361
26756
106443
29847
40722
95344
81505
103391
6451
84681
18448
38037
101894
82338
32499
60715
53120
128933
36765
69470
34045
62647
13266
46845
134557
101978
108397
135040
115853
5858
60873
19783
73523
47630
138673
83662
54871
70846
106873
127786
25989
30897
79898
51596
140929
74551
1904
69818
4766
69148
110519
105320
63503
72346
99615
90936
79543
57423
61289
109023
11986
62006
36737
61134
142503
3673
128902
21141
18411
124926
2614
54232
103102
107469
23610
29468
75615
60843
81983
72064
52585
103795
100359
5869
31125
1228
4441
75757
146483
105935
88958
145397
9096
134893
142230
88485
46237
46338
68950
62163
124285
5038
32969
87567
17731
94090
79122
43589
80736
66433
1119
140732
64961
137192
143688
68048
78469
8891
49597
121440
32834
116140
9285
135102
24862
93367
29902
115469
40878
97725
140551
88056
101642
24663
132456
20321
29175
141714
21511
10780
125049
52565
95564
42876
44101
40842
39220
130863
33400
59656
97795
128819
53232
83458
69010
17830
140474
8344
66975
144457
44649
113217
98871
58557
43166
86613
45420
40977
77539
61644
78788
24699
70897
61892
32088
43904
43322
71485
78625
139385
61639
136102
55853
9763
982
18828
22968
146966
131206
122399
139778
35203
113013
5031
28741
126060
116021
64689
134156
61059
109945
40010
69402
104557
105806
142793
25523
27076
70997
106501
143522
104917
131198
85856
67774
66690
55419
83502
10763
104925
72281
122349
112905
24935
3325
66783
59441
57558
114033
4733
103124
60274
62898
103123
88588
42463
102530
89111
65647
6103
81309
83070
109987
75254
38716
109041
46773
30971
107995
9272
29970
32274
3442
115344
87112
120248
116313
17406
29317
57794
58415
110566
82003
95450
112320
18775
9924
141799
104556
10280
115892
55736
112959
41323
67575
47454
79309
56601
78943
19742
142254
23315
33496
99891
106580
111891
70815
45797
80253
53998
79648
57473
144709
101737
133335
11892
41636
55552
101019
135673
45538
136983
31847
47070
61573
73945
52268
2066
87449
60823
30683
72313
62708
38439
110977
57649
108931
13617
55580
19626
26323
52259
142228
100023
120044
31440
40104
104645
137937
18177
142078
29371
133720
140647
143786
120087
23908
99924
146976
16510
145316
110333
87040
61864
23695
34218
138515
54503
127228
57032
79881
7403
96021
29470
86732
101456
22077
79329
110330
6247
24167
36118
142315
147483
137625
47626
16132
14268
41909
38832
37382
4532
97467
94466
55509
135127
112504
51247
138716
70
10968
68202
76590
96241
118018
58330
131700
133507
116544
100720
102818
25808
7063
99922
136499
79825
17455
133923
53764
144859
9374
37125
46630
44776
92453
138435
57499
29147
138068
140471
86909
83415
23374
99368
82217
71285
48187
43822
114741
31782
102257
38155
80071
9998
36785
21877
27562
86051
36987
53789
39874
61413
75497
24242
120508
43084
36266
60340
89557
126838
30690
46038
79802
139761
10064
133762
135970
135115
87111
68529
122927
56513
7737
88227
143655
125817
116653
141160
35668
120100
65881
65567
58004
18798
44011
59805
72615
122328
51004
133834
91660
79398
75260
136808
109731
148075
115782
116698
33838
21986
79715
144374
16182
41157
10578
50623
131278
16462
39398
80951
114995
97136
15811
4850
50368
80192
114887
48084
99636
16817
57608
11874
85098
50944
63411
23745
105793
44691
113363
9847
91807
124608
77327
5542
68519
44978
46307
72184
41675
138432
71514
19246
57114
38038
104175
44139
669
21176
32955
16761
55724
35763
111362
105282
73341
97248
78163
62578
144101
139491
76089
14525
60220
92892
111372
146283
69029
8255
2729
87101
45324
112793
14779
117192
92283
62459
97761
85860
72602
110173
48521
46612
68929
35645
70380
10750
60895
33355
111886
138732
62274
24228
46211
93407
116836
107436
67082
16599
87765
19667
57780
88897
72991
97271
44303
95187
100946
129491
104007
107881
25619
91830
131805
28880
51599
111079
107322
107145
2472
100945
100861
104559
89542
29425
55507
12938
115290
25739
129120
35779
16857
39130
904
8227
59096
146712
51782
101526
76766
130490
13145
113441
74711
125573
139808
91917
57532
41382
40884
73582
95939
24432
128059
79217
34261
137451
14360
2068
122851
55753
118793
70157
9341
33786
59604
87177
146172
107248
120753
136582
133534
105662
65738
24734
117590
82984
147273
23468
142601
53354
88642
27612
115066
103655
141535
108792
10038
34798
116942
133678
80464
27761
13927
70516
68556
1062
15095
19535
683
6259
101596
128105
24836
104996
68350
24835
65174
99542
87751
5644
89728
53214
8656
91494
25636
74060
92689
87534
98792
61691
49119
61001
121115
137082
83262
24804
2347
101624
99004
127033
38210
24477
134063
56764
36229
94533
3120
7562
32876
71896
55216
30117
19136
7465
107396
63459
113001
17521
85122
57343
20225
146515
132900
45169
65453
4885
39374
106362
130266
21690
113588
118953
59582
8366
78090
504
130172
105802
24684
91348
24650
91586
48932
35719
116736
22118
1975
145180
65830
96783
109128
136340
127744
70824
35264
44665
21060
62765
43634
70139
126443
104089
5463
142178
85823
79580
52774
30995
138275
86380
126063
113029
47728
62521
110339
46966
63235
49577
135558
53095
139630
83512
115805
113952
148064
139701
14572
117909
94511
35577
121164
118313
23016
136040
29756
10208
65693
122923
119149
124072
19728
59881
13689
27841
3145
26057
492
36974
133219
38368
63012
79101
40382
58378
61848
107687
51271
51082
89322
47632
32029
33850
85947
8439
61718
15647
62065
41303
63239
122345
103347
122657
82500
117254
126200
38807
86290
36897
21054
102674
101595
25696
123607
100323
103300
103738
48176
44816
141439
30924
43419
82613
41503
20289
16091
4327
14455
51807
128423
13050
111712
385
17187
15988
74696
9630
37914
72492
119715
46709
15991
94748
111207
147957
99429
69184
90553
13353
145428
124056
93232
131243
15615
104935
142287
91862
60643
103055
139060
118487
51239
59421
123849
146145
68680
75920
99556
48415
126358
25106
63987
121052
13277
124973
113214
59663
115506
47078
144960
22837
42673
147747
97568
50127
35545
81935
43639
49430
143609
93356
70786
96017
111356
13143
52058
139006
8916
25030
5947
8699
136538
147857
915
67965
118512
11346
129992
4290
10392
66527
40900
103792
138209
81046
117527
135950
101024
50111
130895
69556
141247
113999
121455
93821
121592
83551
134105
68189
18078
77946
52342
88889
104447
74912
56345
82505
5465
39410
4346
104321
32486
83973
83278
135272
115677
129453
10913
46865
121916
58723
104851
55886
135613
51431
144223
114266
64836
61411
145572
9822
118808
54782
67963
127043
94588
15943
54192
66572
97883
66345
87447
79198
2004
19642
129475
26238
52228
81542
85402
26493
57236
48876
91146
142931
133454
97269
129835
100535
146877
141202
135596
32163
37708
28927
104182
144208
81957
147889
71379
13485
144827
104991
31912
81533
30205
19624
104982
134935
118439
46262
71564
59989
86509
45323
60739
2996
24842
99487
77363
74183
108775
66482
121815
80167
44763
142799
116063
119062
140387
49039
77508
95858
100117
137955
77590
122717
60090
9456
147062
111900
118645
138709
129504
17442
30495
59504
40175
26520
10962
133342
113460
95806
1460
91562
3582
2325
36358
101005
48894
138308
5733
23251
38019
93697
75449
97915
32735
57939
94989
131395
35830
41765
33156
4947
66293
3252
49281
130116
121260
51447
4062
124684
16914
67017
76890
113750
33117
50266
127363
41493
51255
45946
66362
62962
83676
49142
48168
95898
17971
20051
69890
30367
52493
88754
26015
9052
74548
84098
103851
41757
40282
55413
129745
42051
17386
82330
102634
35364
66919
112812
40510
64589
105990
86483
29303
97655
118568
91451
80488
44611
53929
103929
42593
96393
3455
51926
36726
84712
24070
6456
27080
69476
101423
133596
27085
64754
52103
127615
144744
75553
43715
95544
27750
63224
98063
129258
18415
65758
45354
77959
36909
61443
101867
74740
104988
3935
43012
26783
91537
85405
16851
5840
65821
44173
106583
106173
59414
98311
128363
35990
119369
31892
90776
124014
45898
29111
97253
19577
63121
146196
4469
143179
147402
63418
146173
9901
28240
13243
36592
120263
116518
27789
85171
54422
91221
6958
35725
7124
16101
136742
11787
59298
128005
21624
14147
80008
78031
48561
67066
49467
65068
22619
456
101433
95155
33616
74682
17969
5273
16813
74023
54436
53337
71262
38559
16139
10569
134881
5902
101349
51841
133429
120400
130987
48308
6565
58578
78018
6466
6023
122115
60242
135864
13552
135160
146496
142656
4832
55164
128873
140250
56530
144746
98642
65461
30523
89358
3725
61531
119286
106574
20779
40819
132964
100906
116663
125059
104541
67916
33319
72474
91203
83598
216
142606
14937
57982
34169
9000
47706
81745
14761
81944
38777
55682
24544
67529
48485
138650
101843
118956
91385
53849
137593
51173
30880
114679
12740
130974
51751
4131
7594
110428
12841
146596
105880
58789
68976
14156
121277
122325
142909
22365
92635
41527
6700
23408
72362
53639
79290
54502
136891
131563
45784
14517
93979
79014
137942
92800
48659
25207
7094
6155
96654
83844
139755
131967
29033
113051
69712
112296
19160
29071
110796
21739
7025
84096
46436
128190
66822
106841
4892
22799
39299
96528
1609
81279
145995
38492
26388
45570
133694
65968
137357
100172
101003
34409
56842
44263
133857
5649
112198
69021
32247
86551
76943
35969
4690
122972
143915
97644
19666
38994
76849
24191
111494
105468
33880
102089
108015
101078
87945
4829
47198
42353
29461
63175
88857
102188
72810
18241
118116
140881
119868
145954
46631
81188
34893
69559
143870
117950
93150
130292
37173
40499
9265
17669
133761
136617
19036
104960
146006
101551
6382
136994
92060
21398
13133
135245
47093
109426
126262
4961
131679
34341
142812
10956
146866
104504
6475
138946
41217
46331
122518
51096
41605
25149
95061
111597
112844
101353
17868
102311
84144
17870
86435
37446
127580
60382
108468
50611
90874
114152
77254
92395
81964
26491
62763
38238
145507
7252
70877
146495
77880
143151
114440
144461
114105
126887
118298
136492
82214
60658
129928
85852
118185
102822
60195
116918
68115
71595
60186
8505
52446
48327
1282
65060
135587
67887
128989
23748
8687
120383
57458
109285
110698
952
29538
55530
27931
12925
142668
94768
44819
88194
121233
117041
136001
121375
126659
87747
58841
28832
54913
84675
21439
108490
110775
95439
125107
62199
145892
129372
60004
76430
74888
28533
115639
130308
99163
64919
115187
99028
118155
138591
141731
52679
98367
89193
14811
59517
62171
89767
23012
31502
33356
85265
104119
60124
137980
64733
58942
12656
49318
70075
41251
88984
72022
139026
2793
70094
136447
145263
119376
22687
29720
46298
112108
108256
12821
1944
59706
44557
144165
4083
50067
4066
29037
58209
65319
95925
146745
121272
1501
109050
47125
9588
146191
89118
107447
67718
47522
67531
101235
50331
102464
135462
26011
126144
115710
129612
19695
31913
41118
6581
108965
126125
72086
39987
1727
99097
104067
314
75518
45071
119558
99640
46024
117504
5048
84092
129846
96572
80372
144249
104930
3447
59636
4955
111904
78328
95903
53609
126403
132649
122676
83280
14581
70599
13375
140368
66478
146241
128270
109046
12604
82060
9982
74794
110767
37073
121013
38643
21401
129523
117542
135567
147805
35843
120866
24450
61967
48017
124612
11311
116554
139625
32646
126725
125173
59346
28715
68153
141522
8137
104852
133994
83547
130045
22111
86869
120150
147171
23514
23538
6752
66174
54287
92904
102217
53936
124863
89109
68125
97034
56829
119585
110574
106186
143616
118573
141850
45052
14270
135088
55804
141957
93704
51540
57957
128010
2981
88699
93545
78971
50532
40020
51552
82843
2030
125838
71373
64289
83199
78458
95003
107650
110700
108246
77318
48494
100731
70509
135058
66868
123547
7033
102549
20586
135654
93317
19208
131020
112039
15961
50607
60970
36474
34806
60862
79995
76645
136554
135668
24761
70226
80796
103143
132191
115043
76269
64054
43198
72257
121594
119088
44089
92411
23983
73712
44869
125563
89848
86653
146640
92369
38770
146344
80380
23581
38146
9387
5441
95739
138770
64111
31978
62849
19312
141065
73609
72169
78872
59519
41708
65836
121976
132898
9039
147387
51939
71014
2010
428
23789
23904
105160
140901
44214
36122
65813
35425
118135
132767
20745
131076
87803
95728
47848
76642
56803
46516
75354
135262
48968
42913
26850
21915
41221
135183
145500
74274
105569
42420
33975
108159
44894
100008
53537
98709
106304
122760
19894
47767
105043
90208
126637
8007
69867
110219
103402
58442
31918
65715
46817
92532
15477
61765
44663
111492
137454
98966
85223
89048
95690
18607
39511
106991
101248
96159
73165
15849
119333
49311
139732
41498
130748
29299
135322
138511
34715
18634
96751
42943
79148
138961
92530
137153
14346
42774
16858
61986
86596
93741
132206
111892
35287
137340
104697
88270
110843
20799
107351
70754
113833
52970
122849
104107
83392
52134
87384
14698
138216
22708
47283
22673
18981
220
60794
15339
70661
108812
124224
126577
90165
16412
76060
34033
106403
93243
47635
44134
25478
62467
109345
103156
113043
103290
18706
50706
120472
117586
110531
87083
143891
33612
97923
144790
95869
68710
133577
99872
126521
76769
45963
104543
78791
42155
92782
84133
87706
106801
119847
53152
99860
73361
128230
104106
80207
94702
30842
107976
111190
141897
130596
84108
33940
49189
88436
95753
44222
135568
83988
63745
59379
68514
142695
116487
127540
10460
21552
24418
3823
120001
90852
104205
91231
48204
100895
67256
72048
16513
65438
128882
108090
17077
98254
133183
31071
58458
55762
78704
133019
127581
81457
71929
6905
12807
80009
118453
124918
106012
28122
53011
146564
77436
116647
59780
84057
105691
140913
89654
40219
92097
92997
137097
73403
36921
113608
27641
82662
140711
140756
133601
138048
40183
10959
46658
144681
13422
101911
114071
147260
18010
35901
1847
60734
31811
11159
116280
83122
96670
84890
26945
131124
56694
131093
39613
20277
87987
10587
89832
69664
138197
22511
125205
63018
18205
45117
137245
133680
144248
1040
144635
27329
10866
4028
46492
69852
27563
54484
43792
135271
39051
75954
1274
89576
30434
108068
52111
99519
124759
129276
103011
16870
51374
138599
13371
66109
4900
104635
25428
19403
135498
82752
11250
71476
138699
60443
78486
28434
127558
60392
13517
51714
8252
131319
85235
407
64109
82149
100466
101021
90909
120605
12335
128082
28859
44790
45932
69202
116036
91820
114629
31238
99464
110156
50703
84055
101735
134853
97995
2980
113901
96089
148084
44618
3568
38509
103546
6727
79712
100049
91795
105640
10549
56500
55916
137360
118029
25496
128285
77908
5886
44745
1285
66817
63388
58394
130479
45034
58316
70530
136676
8189
102002
147521
115535
108760
3814
11193
39496
59374
8586
103336
131990
85810
9869
34986
98231
21015
99575
13196
93458
12805
83982
29297
89231
139577
123222
17606
26796
45701
80353
15696
117816
36268
15061
138624
32033
31031
85007
52669
51079
56879
90008
43080
55066
19850
65926
2459
88004
51210
18435
85740
40935
78322
15081
11006
91865
107189
47443
53972
90937
101856
39924
95520
6930
51654
106039
139386
14592
99848
25226
16339
68822
21846
82666
51616
111411
4556
147820
99867
74138
67275
19172
76283
4159
91467
29452
94205
65983
102910
93439
136017
133767
33695
120189
55681
67846
21195
4911
66635
70487
74140
119973
78611
70196
42741
43502
117128
139549
44333
118328
102316
15150
27636
37727
6231
17486
84225
94807
79423
74873
92487
65211
79161
7982
67998
117999
54591
63246
68905
4236
26760
77696
130268
37606
42003
85461
126413
44721
3822
144900
8404
75962
71892
3968
93702
87721
143816
88317
136929
79586
16285
57195
52666
42753
80142
118895
128889
113240
20484
14104
10970
44379
123069
31642
82426
16769
27183
132529
116332
11110
5391
146970
146616
122610
118342
24907
30650
64404
54846
74088
4156
12048
70113
4490
132366
73110
66230
112313
8174
16384
108980
69721
132103
99291
26958
89750
113121
136230
138245
35656
137150
46344
58980
52507
131103
76063
51400
71940
88925
22295
93011
107299
40457
106586
17854
97477
145950
90460
135845
50898
77779
3829
143815
105435
19796
113007
138821
126437
80658
100604
39799
37338
132024
33952
121092
86937
39835
49243
40557
97069
136764
57013
125841
137964
76359
140340
136323
132653
106859
101514
34556
108846
1326
75779
12609
127169
39677
10433
24255
28814
16856
132824
75373
6711
107192
137911
124374
46124
106293
12783
37942
16582
41201
115668
133099
123552
35801
67625
135443
99534
34975
117634
51253
31703
87646
92534
62140
20387
58461
134817
70311
43335
28500
82599
64091
18731
48497
89201
124974
80965
9266
92483
16885
1208
17332
72285
88503
31878
122360
116009
91619
40200
34750
11412
59698
124073
14375
78939
32796
51632
92426
98757
31606
89623
135975
36355
58441
33354
100828
92894
14746
138123
143533
107744
44731
20934
119952
60764
114971
87554
28052
94927
132238
110067
100948
85944
59140
52355
36449
70937
145772
108841
20242
63107
62820
15607
39023
11045
8793
45871
88244
62104
7314
11560
82234
31618
46381
43606
116335
50
58923
82206
113671
63595
52933
30089
87147
51366
1914
3366
5806
23972
118020
96904
69792
38365
132917
61667
92609
135619
63888
114842
142459
51846
68454
92773
63132
120135
30551
89421
108495
61803
98444
92448
82168
140089
71539
58514
6546
30016
29771
124997
96688
137515
22339
5199
139528
18830
13628
29357
80952
38560
47252
94135
103053
106809
37169
42843
96533
140545
21233
139725
109932
144088
80491
32359
114438
101187
20323
2790
45758
45226
86267
121598
85306
34371
128783
44086
84795
103056
10474
70565
5752
55955
107006
82409
129796
43503
105971
6628
75210
113603
99479
53919
99767
135981
122456
86281
2144
110669
135445
66383
67120
119894
9098
21049
111428
96304
106165
53993
105611
110119
142596
54427
81509
12055
55203
48383
86987
143171
39082
110472
143056
10696
76727
45832
48282
118666
121834
38522
20191
139012
120790
145215
6481
64513
119950
93575
30379
124199
29931
61206
2576
108710
22760
66525
5216
92669
60263
24316
17105
3239
83026
2742
86106
25246
55146
130909
46949
88849
136308
116152
83995
110183
138533
88923
99481
4720
79739
12737
29346
82780
65226
22798
40327
97581
49745
35295
16386
111556
82082
91598
81759
86830
145341
60647
145329
94317
91224
65003
39168
68247
107916
71218
2491
31416
106251
116136
9906
114025
85892
111474
49832
22056
121395
96961
78683
98115
72486
57900
84359
131022
87233
39350
138392
95990
4703
143391
85179
72364
119309
67001
32477
103463
113808
89287
130463
125730
136162
45584
99514
107754
76871
79515
62412
22445
27021
96562
55818
22559
120282
73319
134391
111441
104063
36214
60062
104388
133784
123836
65781
84280
107607
131746
54142
98639
50028
95984
129714
58600
24280
7394
33361
90942
56836
63943
85006
68072
58479
19030
59701
83866
38539
100418
11873
66964
104745
141026
71162
13105
61999
21247
43368
126196
67871
12940
102314
30307
21785
87272
105813
21168
55001
134339
31571
50562
143234
39960
4694
102029
80017
47146
142196
13249
33581
104271
24327
139100
143480
112317
118170
51944
67642
57835
138167
136735
83414
101245
35325
101378
16958
50798
106516
20915
43572
38737
99224
141827
76372
78592
21045
23955
87806
49574
146071
135664
69134
94401
103518
60370
76684
40083
104968
92253
107345
55761
147277
3323
70475
2956
108324
56961
19926
90268
76715
23476
103571
147222
145766
74572
132826
236
70016
52787
50869
124689
32113
120208
24078
119794
137002
25466
75930
126537
11842
104938
6643
144493
36283
59715
96381
80166
77115
412
132997
62410
39014
75114
46489
33659
127221
133344
12845
30999
38525
42619
120649
80776
117020
133196
106621
1158
35676
45837
97739
15067
16311
8823
86343
128334
84954
90384
127121
90026
121545
22196
99339
7793
77681
90021
116503
116636
24454
14497
98111
67769
63988
55666
135580
121345
18524
66751
16848
138696
93073
102506
112725
72780
83908
13058
27511
47496
32267
110851
129969
22991
98095
71713
128080
63558
107254
108107
68001
130267
29810
33812
81282
28798
18081
17475
105548
34646
21953
139293
41387
102299
51706
145834
79685
59962
82226
132654
25867
29114
60920
17233
140423
137390
94222
99943
130398
119284
60941
130627
93988
127167
2186
22515
71205
20466
88091
135525
117517
100304
50796
16897
137638
23825
51695
129361
87435
103505
135954
127246
55415
22003
22267
104420
22105
27536
32257
86321
13842
148008
43970
43470
31689
146489
29523
110400
71470
65356
100394
127774
145681
47993
13907
37701
88768
117684
43561
94259
80735
34641
69918
101654
88325
51021
105883
4443
44074
22471
29770
44161
95005
49015
42648
83235
17324
41012
26797
131798
48262
3909
144653
136852
26214
36695
114467
67415
120275
134733
110592
71166
142995
126287
109985
69099
59507
33874
5442
124372
146491
68991
69006
83559
33379
143060
138441
3167
21279
68500
28130
112146
78616
135118
88473
144075
6193
137108
18682
67518
50877
144953
58944
78969
41941
140438
15376
10868
62203
131665
161
78633
114586
59400
73398
9709
112814
131758
92121
101975
144449
92745
12931
97588
146001
125647
7294
86292
21294
96037
96559
104244
107862
141108
63086
5905
114
29016
8523
115131
41923
60011
43098
37329
119608
26318
40162
7393
45045
10610
20555
92175
14387
77759
120442
110102
105873
102384
145300
48624
36962
26283
78015
27405
138261
83977
119483
31197
139481
73418
118574
84939
72859
14030
129157
82618
135152
126796
103404
18114
96579
49836
102408
48939
15488
12018
128662
95261
36605
13743
52175
48242
25338
75017
35428
117464
81362
80419
53888
63933
91054
119638
63959
8872
126779
55400
96923
86205
24635
115537
85735
78528
69893
135595
91797
21083
1449
130191
113004
124478
28469
88808
137551
32333
139587
147908
48085
73749
36070
5736
47853
115031
11059
9066
61454
82386
86372
99285
116654
31691
76209
44843
29441
135339
34547
65212
81015
89089
46915
20975
19540
68711
134883
120835
65863
67140
9415
30252
27031
32497
121087
104802
67873
106085
127046
101647
5056
8218
142114
86484
141353
88613
2303
39407
39401
89481
141051
75524
95290
56476
17391
6716
936
41988
2311
130135
3197
29363
68107
120786
111140
125132
87942
53292
27770
897
57191
127126
146697
127373
95151
142206
69503
80280
39089
11629
111869
50651
133669
8132
17999
80329
5811
75795
143050
14029
95886
99723
93604
104770
86573
8394
104928
31368
22182
131924
143618
30583
103069
126163
104961
8871
117800
91089
16704
138234
77630
47580
60192
27252
95375
87681
123688
138622
44418
93066
106970
133242
130085
73543
127549
70429
80300
104633
115125
69499
89407
43720
4740
40555
7266
139267
72644
88953
98321
109672
47760
88172
61017
2227
76241
48309
80945
16585
54055
17748
7986
138494
26003
126509
42356
104486
96953
107527
71967
8878
146502
132620
125177
25282
148078
97702
48096
129970
63438
107253
27645
34830
142703
81011
106798
46462
43972
76001
100681
94084
119642
39812
135439
52678
50396
129750
139120
102754
25491
89217
125214
43520
115616
56320
47907
14155
34997
122783
140780
16641
65589
125500
46329
93302
140050
16141
29322
80078
71312
68577
23432
72003
3559
46242
135779
142647
121341
144605
106914
26725
28710
32188
144821
107046
89926
134794
99837
141055
125069
132447
118678
50970
137011
24669
105966
46433
39326
40298
36624
130381
17034
852
56950
122463
99234
96956
128663
69316
79350
34097
146390
28872
121613
5694
43623
80576
16800
137765
33235
6626
19665
87841
43826
147101
4433
58623
41037
145776
91250
15165
130047
88343
23184
147648
66010
121560
52886
40360
107433
29378
131921
61569
31685
110660
70373
33470
19865
56485
24346
91410
10085
136908
35143
127374
139130
59408
57577
22115
104230
138307
93778
103816
115055
90372
120523
85049
137152
57644
81795
132221
26417
6720
78998
137209
124054
90743
28094
47701
137174
147864
145436
137546
22297
133999
79960
115019
30453
37682
131294
126622
